0, Z 0 0 0 0 0;
1, A 138 43 226 0 10;
2, B 138 43 226 0 15;
3, C 138 43 226 0 20;
4, D 138 43 226 0 25;
5, E 138 43 226 0 30;
6, F 138 43 226 0 35;
7, G 138 43 226 0 40;
8, H 138 43 226 0 45;
9, I 138 43 226 0 50;
10, J 138 43 226 0 55;
11, K 138 43 226 0 60;
12, L 225 225 102 0 65;
13, M 225 225 102 10 70;
14, N 225 225 102 20 75;
15, O 225 225 102 30 80;
16, P 153 225 204 40 85;
16, Q1 153 225 204 50 70;
16, Q2 153 225 204 60 80;
16, Q3 153 225 204 70 90;
16, TACET 153 225 204 60 60;
16, R1 153 225 204 60 80;
16, R2 153 225 204 70 90;
16, R3 153 225 204 80 100;
16, TACET 153 225 204 100 0;
16, FIN 0 0 0 0 0;